camera_matrix:
- - 1495.8709441717597
  - 0.0
  - 974.7546623714085
- - 0.0
  - 1500.3657094290954
  - 494.4668521943746
- - 0.0
  - 0.0
  - 1.0
dist_coeff:
- - -0.3851514150364524
  - 0.3651184047003975
  - 0.0019636874464029064
  - -0.0023090360224369555
  - -0.9138668664747782
rms_error: 0.4989112374827869
